<?xml version="1.0"?>
<opencv_storage>
<camera_matrix type_id="opencv-matrix">
  <rows>3</rows>
  <cols>3</cols>
  <dt>d</dt>
  <data>
    1.4300501387707018e+03 0. 9.7045648300227265e+02 0.
    1.4300501387707018e+03 5.4118999237762546e+02 0. 0. 1.</data></camera_matrix>
<dist_coeffs type_id="opencv-matrix">
  <rows>5</rows>
  <cols>1</cols>
  <dt>d</dt>
  <data>
    2.9283420829435119e-01 -2.0175453371952283e+00
    4.8252838946869465e-05 -4.1746912185679528e-04
    4.6244596581830670e+00</data></dist_coeffs>
</opencv_storage>
