<?xml version="1.0"?>
<opencv_storage>
<camera_matrix type_id="opencv-matrix">
  <rows>3</rows>
  <cols>3</cols>
  <dt>d</dt>
  <data>
    1.2964403164176704e+03 0. 9.6240247931702947e+02 0.
    1.2964403164176704e+03 5.2599367848723068e+02 0. 0. 1.</data></camera_matrix>
<dist_coeffs type_id="opencv-matrix">
  <rows>5</rows>
  <cols>1</cols>
  <dt>d</dt>
  <data>
    2.2448174008474925e-01 -1.0985971822071585e+00
    -2.9792324033912649e-03 -7.6801463894567558e-04
    1.6233071559232679e+00</data></dist_coeffs>
</opencv_storage>
