<?xml version="1.0"?>
<opencv_storage>
<camera_matrix type_id="opencv-matrix">
  <rows>3</rows>
  <cols>3</cols>
  <dt>d</dt>
  <data>
    1.4643813968454631e+03 0. 9.5570444977257671e+02 0.
    1.4643813968454631e+03 5.4056968517353732e+02 0. 0. 1.</data></camera_matrix>
<dist_coeffs type_id="opencv-matrix">
  <rows>5</rows>
  <cols>1</cols>
  <dt>d</dt>
  <data>
    2.6244725503381450e-01 -1.5757983236061390e+00
    -1.1891926178665081e-04 1.0356696135328930e-03
    2.8783183621043600e+00</data></dist_coeffs>
</opencv_storage>
